/**:
  ros__parameters:
    id: 1
    deadzones: [0.100,0.090,-0.110,-0.140]
    f_coefs: [40.63955132219712, 40.44475559695126]
